47.0999
47.1999
47.2999
47.3998
47.4998
47.5998
47.6998
47.7998
47.8998
47.9998
46.6999
46.7999
46.8999
46.9999
47.0999
47.1999
47.2999
47.3998
47.4998
47.5998
47.6998
47.7998
47.8998
47.9998
48.0998
48.1998
48.2998
48.3998
48.4998
48.5998
46.5999
46.6999
46.7999
46.8999
46.9999
47.0999
47.1999
47.2999
47.3998
47.4998
47.5998
47.2999
47.3998
47.4998
47.5998
47.6998
47.7998
47.8998
47.9998
48.0998
48.1998
48.2998
46.9999
47.0999
47.1999
47.2999
47.3998
47.4998
47.5998
47.6998
47.7998
47.8998
47.9998
48.0998
48.1998
48.2998
48.0998
48.1998
48.2998
48.3998
48.4998
48.5998
48.6998
48.7998
48.8998
48.9998
49.0998
49.1998
49.2998
49.3998
46.6999
46.7999
46.8999
46.9999
47.0999
47.1999
47.2999
47.3998
47.4998
47.5998
47.6998
47.7998
47.8998
47.9998
48.6998
48.7998
48.8998
48.9998
49.0998
49.1998
49.2998
49.3998
49.4998
49.5998
49.6998
49.7998
47.6998
47.7998
47.8998
47.9998
48.0998
48.1998
48.2998
48.3998
48.4998
48.5998
49.2998
49.3998
49.4998
49.5998
49.6998
49.7998
49.8998
49.9998
50.0998
50.1998
50.2998
50.3998
50.4998
50.5998
49.0998
49.1998
49.2998
49.3998
49.4998
49.5998
49.6998
49.7998
49.8998
49.9998
49.0998
49.1998
49.2998
49.3998
49.4998
49.5998
49.6998
49.7998
49.8998
49.9998
49.5998
49.6998
49.7998
49.8998
49.9998
50.0998
50.1998
50.2998
50.3998
50.4998
50.5998
50.6998
50.7998
50.8998
50.9998
51.0998
51.1998
51.2998
51.3998
51.4998
51.5998
49.8998
49.9998
50.0998
50.1998
50.2998
50.3998
50.4998
50.5998
50.6998
50.7998
50.8998
50.9998
51.0998
51.1998
51.2998
51.3998
51.4998
51.5998
51.6998
51.7998
51.8998
51.9998
52.0998
49.9998
50.0998
50.1998
50.2998
50.3998
50.4998
50.5998
50.6998
50.7998
50.8998
50.9998
51.0998
51.1998
51.2998
51.3998
51.4998
50.9998
51.0998
51.1998
51.2998
51.3998
51.4998
51.5998
51.6998
51.7998
51.8998
51.9998
52.0998
52.1998
52.2998
50.9998
51.0998
51.1998
51.2998
51.3998
51.4998
51.5998
51.6998
51.7998
51.8998
51.9998
52.0998
52.1998
52.2998
50.9998
51.0998
51.1998
51.2998
51.3998
51.4998
51.5998
51.6998
51.7998
51.8998
51.9998
52.0998
52.1998
52.2998
52.3998
52.4998
52.5998
52.6998
52.7998
52.8998
52.9998
53.0998
52.1998
50.9998
51.0998
51.1998
51.2998
51.3998
51.4998
51.5998
51.6998
51.7998
51.8998
51.9998
52.0998
52.1998
52.2998
52.3998
52.4998
52.5998
52.6998
52.7998
52.8998
52.9998
53.0998
53.1998
51.6998
51.7998
51.8998
51.9998
52.0998
52.1998
52.2998
52.3998
52.4998
52.5998
52.6998
51.0998
51.1998
51.2998
51.3998
51.4998
51.5998
51.6998
51.7998
51.8998
51.9998
51.6998
51.7998
51.8998
51.9998
52.0998
52.1998
52.2998
52.3998
52.4998
52.5998
52.6998
