97.0991
97.1991
97.2991
97.3991
97.4991
97.5991
97.6991
97.7991
97.8991
97.9991
97.2991
97.3991
97.4991
97.5991
97.6991
97.7991
97.8991
97.9991
98.0991
98.1991
98.2991
96.2991
96.3991
96.4991
96.5991
96.6991
96.7991
96.8991
96.9991
97.0991
97.1991
98.1991
98.2991
98.3991
98.4991
98.5991
98.6991
98.7991
98.8991
98.9991
99.0991
99.1991
98.6991
98.7991
98.8991
98.9991
99.0991
99.1991
99.2991
99.3991
99.4991
99.5991
96.4991
96.5991
96.6991
96.7991
96.8991
96.9991
97.0991
97.1991
97.2991
98.9991
99.0991
99.1991
99.2991
99.3991
95.9991
96.0991
96.1991
96.2991
96.3991
96.4991
96.5991
96.6991
96.7991
96.8991
96.9991
99.0991
99.1991
99.2991
99.3991
99.4991
99.5991
99.6991
99.799
99.899
99.999
100.099
100.199
98.2991
98.3991
98.4991
98.5991
98.6991
98.7991
98.8991
98.9991
99.0991
99.1991
99.2991
99.3991
99.4991
99.3991
99.4991
99.5991
99.6991
99.799
99.899
99.999
100.099
100.199
100.299
95.9991
96.0991
96.1991
96.2991
96.3991
96.4991
96.5991
98.9991
99.0991
99.1991
99.2991
99.3991
99.4991
99.5991
99.6991
99.799
99.899
99.999
100.099
100.199
100.299
100.399
96.1991
96.2991
96.3991
96.4991
96.5991
96.6991
96.7991
96.8991
96.9991
97.0991
97.1991
97.2991
97.3991
97.4991
95.9991
96.0991
96.1991
96.2991
96.3991
96.4991
96.5991
99.5991
99.6991
99.799
100.699
95.9991
96.0991
96.1991
96.2991
96.3991
96.4991
96.5991
96.6991
96.7991
96.8991
96.9991
100.899
100.999
101.099
101.199
101.299
101.399
101.499
101.599
101.699
101.799
101.899
96.4991
96.5991
96.6991
96.7991
96.8991
96.9991
97.0991
97.1991
97.2991
96.2991
96.3991
96.4991
96.5991
96.6991
96.7991
96.8991
96.9991
97.0991
97.1991
97.0991
97.1991
97.2991
97.3991
97.4991
97.5991
97.6991
97.7991
97.8991
97.9991
101.099
101.199
101.299
101.399
101.499
101.599
101.699
101.799
101.899
101.999
97.2991
97.3991
97.4991
97.5991
97.6991
97.7991
97.8991
97.9991
98.0991
98.1991
98.2991
98.1991
98.2991
98.3991
98.4991
98.5991
98.6991
98.7991
98.8991
98.9991
99.0991
99.1991
98.6991
98.7991
98.8991
98.9991
99.0991
99.1991
99.2991
99.3991
99.4991
99.5991
103.199
103.299
103.399
103.499
103.599
103.699
103.799
103.899
103.999
104.099
104.199
98.9991
99.0991
99.1991
99.2991
99.3991
103.099
103.199
103.299
103.399
103.499
103.599
103.699
103.799
103.899
103.999
104.099
104.199
99.0991
99.1991
99.2991
99.3991
99.4991
99.5991
99.6991
99.799
99.899
99.999
100.099
100.199
98.2991
98.3991
98.4991
98.5991
98.6991
98.7991
98.8991
98.9991
99.0991
99.1991
99.2991
99.3991
99.4991
103.399
103.499
103.599
103.699
103.799
103.899
103.999
104.099
104.199
104.299
104.399
104.499
104.599
99.3991
99.4991
99.5991
99.6991
99.799
99.899
99.999
100.099
100.199
100.299
98.9991
99.0991
99.1991
99.2991
99.3991
99.4991
99.5991
99.6991
99.799
99.899
99.999
100.099
100.199
100.299
100.399
103.299
103.399
103.499
103.599
103.699
103.799
103.899
103.999
104.099
104.199
104.299
104.399
104.499
104.599
99.5991
99.6991
99.799
103.399
103.499
103.599
103.699
103.799
103.899
103.999
104.099
104.199
104.299
104.399
104.499
104.599
100.699
103.099
103.199
103.299
103.399
103.499
103.599
103.699
103.799
103.899
103.999
104.099
104.199
100.899
100.999
101.099
101.199
101.299
101.399
101.499
101.599
101.699
101.799
101.899
103.199
103.299
103.399
103.499
103.599
103.699
103.799
103.899
103.999
104.099
104.199
101.099
101.199
101.299
101.399
101.499
101.599
101.699
101.799
101.899
101.999
