0.00205727
0.00899926
0.0457036
0.0898472
0.122503
0.150246
0.175081
0.198954
0.218238
0.233662
0.246606
0.260595
0.274909
0.290398
0.308024
0.32599
0.340158
0.352798
0.364503
0.376236
0.387347
0.398003
0.408246
0.418271
0.427507
0.436344
0.445171
0.453967
0.461795
0.46921
0.475944
0.482406
0.488629
0.494453
0.500161
0.505641
0.510754
0.515421
0.519889
0.52413
0.528158
0.531913
0.535457
0.539056
0.542619
0.546124
0.549824
0.553238
0.556906
0.560832
0.564522
0.568173
0.571891
0.575865
0.579541
0.583485
0.587233
0.590886
0.594621
0.598374
0.601869
0.605563
0.609167
0.612829
0.616162
0.61963
0.622893
0.626105
0.629741
0.633172
0.636725
0.640378
0.644206
0.647997
0.651775
0.655735
0.65943
0.663138
0.666969
0.670863
0.674726
0.678559
0.682373
0.686542
0.690811
0.695076
0.699371
0.703996
0.708817
0.713658
0.718543
0.723444
0.728064
0.732868
0.737296
0.741877
0.746492
0.750854
0.755057
0.759143
0.763381
0.767277
0.771253
0.775012
0.778706
0.782524
0.786012
0.789512
0.793119
0.796648
0.799995
0.803383
0.806714
0.810109
0.813327
0.81661
0.820056
0.823444
0.827088
0.831011
0.834995
0.839345
0.843385
0.847991
0.852683
0.857593
0.862951
0.868931
0.8743
0.880216
0.886216
0.89287
0.898698
0.904728
0.910619
0.916304
0.922557
0.928735
0.93521
0.941572
0.948346
0.954395
0.960206
0.9666
0.973651
0.980223
0.986908
0.993313
0.999782
1.00712
1.01475
1.0229
1.03127
1.03971
1.04842
1.05786
1.06793
1.07779
1.08825
1.09776
1.10779
1.11804
1.12868
1.13967
1.15142
1.16419
1.17744
1.19117
1.20539
1.22103
1.23883
1.25613
1.27429
1.29227
1.31145
1.33235
1.35889
1.38499
1.40918
1.43379
1.45807
1.48293
1.5066
1.53063
1.55643
1.58242
1.60914
1.63521
1.66176
1.68735
1.71428
1.74004
1.76708
1.7925
1.8201
1.84821
1.87784
1.90493
1.93032
1.95613
1.98243
2.0104
2.03895
2.07139
2.10648
2.14234
2.17515
2.20933
2.24283
2.27728
2.3162
2.35705
2.39954
2.44094
2.48332
2.52666
2.56852
2.61012
2.65453
2.70156
2.75648
2.82653
2.90802
2.99142
3.09555
3.24477
3.40252
3.53915
3.67089
3.83727
4.00301
4.12758
4.2599
4.39272
4.53457
4.69541
4.92347
5.23096
5.5137
5.88841
6.44524
7.48809
8.66481
9.76904
11.0727
12.1775
12.9016
13.4962
14.5093
16.1887
19.1817
21.3866
23.8716
27.1125
33.2499
inf
