1.74249
2.37758
2.88551
3.37278
3.8434
4.29841
4.75407
5.21622
5.68394
6.14289
6.61648
7.10738
7.61183
8.14605
8.68143
9.2081
9.77275
10.3227
10.9162
11.5087
12.1203
12.7529
13.4154
14.1388
14.8721
15.5631
16.3204
17.0826
17.8308
18.648
19.4544
20.2366
21.0382
21.8667
22.76
23.6283
24.4213
25.3012
26.2159
27.0128
27.8705
28.7925
29.6136
30.451
31.2084
32.1115
32.8775
33.7119
34.5353
35.3131
36.0626
36.7403
37.4601
38.1903
38.8819
39.4481
40.0434
40.5772
41.1453
41.6875
42.1655
42.6035
43.043
43.5217
43.9492
44.3379
44.7813
45.2335
45.5372
45.912
46.1737
46.4297
46.6972
46.9941
47.2592
47.4107
47.7075
47.9075
48.2289
48.4332
48.5359
48.7144
48.8752
49.1327
49.3252
49.5192
49.7048
49.9017
50.0107
50.1401
50.3002
50.3806
50.4714
50.6235
50.6947
50.8276
50.9715
51.0644
51.2199
51.345
51.5128
51.5971
51.6605
51.7241
51.809
51.9691
52.0548
52.1948
52.2921
52.4988
52.6521
52.8062
52.9058
53.0726
53.2404
53.4093
53.602
53.8074
53.8763
54.026
54.2697
54.4802
54.7516
55.0137
55.1817
55.4114
55.6553
55.9012
56.2242
56.4248
56.7155
56.958
57.436
57.7635
58.0681
58.5376
58.9735
59.2907
59.6955
60.1771
60.739
61.2079
61.7139
62.1825
62.6426
63.251
63.8069
64.3563
64.9648
65.5678
66.32
66.9834
67.5165
68.2587
68.961
69.735
70.5849
71.5156
72.4709
73.5363
74.5023
75.5161
76.6033
77.9828
78.8976
80.2094
81.3834
82.5918
83.7814
85.0617
86.3231
88.0737
89.6759
91.3042
92.9921
94.4987
96.4151
98.2218
100.058
101.761
103.69
106.041
108.045
110.267
112.926
115.56
118.211
121.44
125.578
128.518
132.679
137.627
142.248
146.853
151.498
157.204
163.663
170.56
178.305
185.845
194.922
205.088
214.402
227.15
241.726
256.509
273.784
296.891
319.862
346.211
375.644
415.763
461.335
507.031
556.753
647.871
756.642
855.68
980.813
1124.08
1284.02
1532.01
1955.3
2318.86
3012.15
3854.06
4598.02
7083.97
8737.13
10484.8
16383
23830.3
29126.1
32767
52427.8
262143
inf
inf
inf
inf
inf
inf
inf
inf
inf
inf
inf
inf
inf
inf
inf
inf
inf
inf
inf
inf
