0
1.14441e-05
2.67029e-05
4.19617e-05
6.48499e-05
0.000114441
0.000183105
0.000278473
0.000347137
0.000465393
0.000717163
0.00110245
0.00265121
0.00509262
0.00815964
0.0103378
0.014164
0.0166893
0.0190468
0.0212555
0.0239372
0.026329
0.0285149
0.0306969
0.0323792
0.0338631
0.035202
0.0366554
0.0378647
0.0392838
0.0405159
0.0417328
0.0429497
0.0441017
0.045063
0.0461922
0.0472717
0.0481377
0.0490074
0.0498772
0.050766
0.0514984
0.0523491
0.0530739
0.0537796
0.0543785
0.0550308
0.0555115
0.0561256
0.0566597
0.0572128
0.0576973
0.0581894
0.0586395
0.0591545
0.0596504
0.0601845
0.0605621
0.0610428
0.0615845
0.0619888
0.0625229
0.0629616
0.063385
0.0639381
0.0644798
0.0649948
0.0654831
0.0660133
0.0664101
0.0668831
0.067337
0.0677948
0.0682373
0.068737
0.0691757
0.0696335
0.070137
0.0705414
0.0709038
0.0713005
0.0716705
0.0721169
0.0724869
0.0728645
0.0732422
0.0736389
0.0739975
0.0743675
0.0746956
0.0750427
0.0753822
0.075695
0.076088
0.0764236
0.0767937
0.077137
0.0774612
0.0777473
0.0780869
0.0784492
0.0787735
0.0791359
0.0794067
0.0798187
0.0801392
0.0804367
0.080864
0.0812721
0.0816765
0.0821075
0.0825043
0.0829544
0.0834961
0.0840187
0.0845184
0.0850639
0.0859451
0.0873146
0.0884171
0.0900307
0.0920982
0.0941734
0.0969505
0.100067
0.103703
0.107491
0.110245
0.112835
0.115566
0.118656
0.121216
0.123875
0.12701
0.130028
0.133472
0.136845
0.139416
0.142471
0.145386
0.149681
0.154015
0.15831
0.162109
0.166847
0.171631
0.17979
0.188717
0.197769
0.205509
0.212685
0.220013
0.226212
0.23455
0.241177
0.249573
0.257877
0.266487
0.275242
0.283649
0.294086
0.302734
0.313637
0.324295
0.336109
0.348644
0.36005
0.370602
0.381863
0.392632
0.405029
0.415577
0.426079
0.435223
0.445324
0.454792
0.466122
0.478432
0.490509
0.50222
0.514198
0.528694
0.547043
0.57457
0.606422
0.634815
0.664299
0.688328
0.708122
0.733116
0.754646
0.779026
0.800762
0.824348
0.843945
0.868687
0.891792
0.909382
0.921112
0.931362
0.939796
0.945564
0.950855
0.95591
0.962212
0.965302
0.967854
0.96991
0.971416
0.972466
0.973423
0.974358
0.975121
0.975895
0.976669
0.977806
0.979095
0.980362
0.981754
0.983257
0.984882
0.986469
0.988266
0.989758
0.990849
0.992016
0.99292
0.993656
0.994488
0.995098
0.995647
0.99622
0.996616
0.997059
0.99733
0.997616
0.99794
0.998226
0.998497
0.998734
0.99894
0.999222
0.999435
0.999672
0.999741
0.999809
0.99987
0.99992
0.999947
0.999966
0.999992
0.999996
0.999996
1
1
1
