6.10352e-05
0.000534058
0.00142288
0.0026474
0.00402069
0.00563812
0.00765991
0.0101395
0.0131569
0.0166664
0.0208664
0.0257874
0.0310898
0.0372772
0.0440598
0.0512848
0.0591316
0.0676193
0.0764427
0.0861855
0.0964737
0.106899
0.117889
0.12886
0.140144
0.151424
0.162983
0.174885
0.187599
0.200928
0.214001
0.227203
0.239784
0.252182
0.26432
0.275627
0.286098
0.295876
0.305637
0.314613
0.323612
0.332962
0.34153
0.350407
0.358879
0.367065
0.375088
0.383373
0.392002
0.399986
0.408165
0.416008
0.423756
0.431507
0.43906
0.446297
0.453899
0.461098
0.467903
0.475044
0.482094
0.489346
0.496723
0.504181
0.511505
0.518738
0.525948
0.532967
0.540352
0.547661
0.555023
0.562038
0.56892
0.575294
0.581787
0.588074
0.594105
0.600254
0.606476
0.612175
0.618057
0.623695
0.629139
0.63464
0.640141
0.645409
0.650589
0.65591
0.66095
0.665939
0.671352
0.676418
0.681469
0.686184
0.69096
0.695961
0.700745
0.705574
0.710419
0.715137
0.71981
0.724541
0.729187
0.73391
0.738461
0.742878
0.747269
0.75206
0.756516
0.760899
0.76556
0.769913
0.774376
0.778728
0.783138
0.787586
0.791744
0.796062
0.800457
0.804356
0.808651
0.812744
0.816833
0.820885
0.824993
0.829174
0.833271
0.837158
0.840862
0.844765
0.848408
0.851955
0.855854
0.859352
0.863132
0.866787
0.87038
0.873894
0.877079
0.880386
0.883789
0.887169
0.89027
0.893532
0.896503
0.899361
0.902069
0.904804
0.907459
0.910019
0.91259
0.915058
0.917458
0.919827
0.922226
0.924644
0.926945
0.929127
0.93116
0.933247
0.935219
0.937195
0.939114
0.941139
0.942898
0.945007
0.9468
0.948631
0.950577
0.952271
0.954018
0.955669
0.957363
0.959049
0.960567
0.962109
0.963715
0.965126
0.96653
0.968018
0.969398
0.970692
0.972034
0.973431
0.974464
0.97559
0.97686
0.978085
0.979073
0.980103
0.981125
0.982086
0.982967
0.983959
0.984837
0.985565
0.986416
0.987225
0.987892
0.988594
0.989262
0.989857
0.990417
0.991035
0.991657
0.992241
0.992695
0.993172
0.993576
0.993992
0.994377
0.994759
0.995163
0.995506
0.995823
0.996151
0.996403
0.996723
0.996986
0.997223
0.997494
0.997673
0.99786
0.998085
0.998272
0.998436
0.998558
0.998665
0.998783
0.998932
0.999023
0.999134
0.999199
0.999241
0.999313
0.999371
0.999443
0.999504
0.999557
0.999603
0.999657
0.999691
0.999771
0.999805
0.999851
0.999889
0.999912
0.999958
0.999981
0.999985
0.999996
0.999996
0.999996
0.999996
0.999996
1
