0.000114441
0.000278473
0.000461578
0.000606537
0.000862122
0.00117111
0.00159454
0.00198746
0.00253677
0.00316238
0.00374985
0.00434875
0.00495529
0.0056572
0.00650024
0.00743866
0.00852585
0.00958252
0.0108566
0.0123405
0.0139122
0.0156708
0.017395
0.0191727
0.0212059
0.023159
0.0249901
0.0268211
0.0284119
0.0299797
0.0315361
0.0329323
0.034523
0.0362129
0.0378647
0.0396004
0.0413704
0.043129
0.0451965
0.0475159
0.0501175
0.0533867
0.0573845
0.0619392
0.0676956
0.0732536
0.0786629
0.0840378
0.089817
0.0955086
0.101494
0.107975
0.115414
0.123581
0.131294
0.139137
0.147495
0.156322
0.165634
0.175102
0.184746
0.195354
0.206463
0.216892
0.228329
0.240475
0.253452
0.266403
0.278084
0.289246
0.29929
0.307995
0.316326
0.323582
0.331448
0.339241
0.34734
0.35561
0.364326
0.372814
0.381107
0.39011
0.39991
0.409904
0.420429
0.430443
0.440311
0.450237
0.460739
0.471455
0.482105
0.49276
0.502655
0.51276
0.523148
0.533348
0.543789
0.554825
0.566418
0.578709
0.589695
0.600952
0.61116
0.621284
0.632088
0.643078
0.654167
0.664989
0.675098
0.685143
0.697071
0.70858
0.720383
0.730797
0.740856
0.750134
0.758301
0.766006
0.773655
0.781055
0.787876
0.794643
0.800964
0.806499
0.812473
0.817425
0.822319
0.82655
0.830254
0.8339
0.838081
0.841679
0.845226
0.848618
0.851002
0.853283
0.855431
0.857243
0.85891
0.860157
0.861557
0.862671
0.863705
0.864731
0.865719
0.866756
0.867828
0.868862
0.869896
0.870865
0.87175
0.872635
0.873592
0.874565
0.875534
0.876411
0.877407
0.878433
0.87928
0.880352
0.881397
0.882416
0.883526
0.884518
0.885628
0.886829
0.887985
0.889278
0.890408
0.891724
0.893059
0.894489
0.896
0.89732
0.898876
0.900391
0.902054
0.903847
0.905643
0.90752
0.909492
0.911346
0.913288
0.915192
0.917278
0.919243
0.921394
0.923622
0.925827
0.928032
0.930305
0.932789
0.935226
0.937748
0.940243
0.94286
0.945515
0.94841
0.951332
0.954086
0.957031
0.960133
0.962997
0.965919
0.968887
0.971645
0.974144
0.976707
0.979088
0.981121
0.983055
0.984779
0.986237
0.98753
0.988773
0.989796
0.990845
0.991646
0.99242
0.993027
0.993587
0.994122
0.994724
0.995232
0.995705
0.996113
0.99651
0.996864
0.997169
0.997501
0.997829
0.998058
0.998287
0.99847
0.998672
0.99881
0.998947
0.999035
0.999126
0.999237
0.999313
0.99939
0.999462
0.999542
0.999596
0.999641
0.999718
0.999752
0.999805
0.999859
0.999908
0.999935
0.999947
0.999969
0.999981
1
