0
0
0
3.8147e-06
1.14441e-05
4.19617e-05
9.53674e-05
0.000255585
0.000530243
0.00111771
0.00206375
0.00350571
0.00525665
0.00749969
0.0100021
0.0129242
0.0155602
0.0187836
0.0219727
0.0251617
0.0282593
0.0315628
0.0355949
0.0400505
0.0451851
0.0508347
0.0568619
0.0625458
0.0684052
0.0744133
0.0798073
0.0851212
0.0903091
0.0950699
0.0997925
0.104683
0.109409
0.114071
0.118717
0.123249
0.127964
0.132275
0.13678
0.141014
0.145229
0.149193
0.152798
0.156502
0.160027
0.163692
0.167259
0.17091
0.174618
0.178116
0.181698
0.18478
0.187977
0.191135
0.19418
0.197361
0.200161
0.203087
0.205959
0.208862
0.211826
0.214874
0.21767
0.220505
0.223377
0.226318
0.229248
0.232258
0.235268
0.237885
0.240673
0.243313
0.245903
0.24892
0.251587
0.254349
0.257446
0.261063
0.264637
0.268143
0.271854
0.275757
0.279785
0.283775
0.288082
0.292339
0.296608
0.301086
0.305794
0.310593
0.315712
0.321102
0.327175
0.333244
0.340012
0.346859
0.354115
0.360947
0.367786
0.374523
0.381512
0.388813
0.395947
0.40324
0.410526
0.418583
0.426418
0.434723
0.442707
0.450748
0.45895
0.467171
0.475933
0.484169
0.492657
0.501125
0.509552
0.518127
0.527405
0.536636
0.546185
0.556381
0.566425
0.576439
0.586624
0.596493
0.60659
0.616982
0.627693
0.638317
0.649178
0.660011
0.671005
0.681595
0.692097
0.702484
0.713184
0.723476
0.733387
0.743519
0.753395
0.763149
0.773037
0.782269
0.791405
0.800499
0.808804
0.81744
0.825821
0.834751
0.843712
0.852554
0.860256
0.867992
0.876122
0.885235
0.89447
0.903164
0.910446
0.91666
0.922207
0.927635
0.933155
0.937988
0.942982
0.947552
0.951252
0.955036
0.95916
0.962902
0.966084
0.968922
0.971001
0.972504
0.973808
0.975071
0.976261
0.977325
0.978298
0.979336
0.980427
0.981335
0.982273
0.983097
0.98394
0.984844
0.985668
0.986431
0.987087
0.987846
0.988476
0.989117
0.989777
0.990414
0.991035
0.991528
0.991959
0.992393
0.992683
0.993008
0.993343
0.99366
0.993977
0.994274
0.994591
0.994862
0.995193
0.995457
0.995773
0.99601
0.996223
0.996429
0.996651
0.996868
0.997044
0.997196
0.997402
0.997555
0.997684
0.997795
0.997959
0.998074
0.99818
0.998283
0.998356
0.99844
0.998562
0.998669
0.998718
0.998787
0.998856
0.998905
0.998951
0.999004
0.999058
0.99913
0.999184
0.999252
0.999306
0.999344
0.999401
0.999439
0.999512
0.999569
0.999626
0.999702
0.99979
0.999893
0.999947
0.999977
0.999992
1
