0.00205305
0.008919
0.0437061
0.0824401
0.109134
0.130621
0.148995
0.16594
0.179143
0.189405
0.197822
0.206724
0.21563
0.225045
0.235488
0.245847
0.253819
0.260791
0.267133
0.273381
0.2792
0.284694
0.289897
0.294916
0.299478
0.303788
0.30804
0.312227
0.31591
0.319362
0.322467
0.325421
0.328241
0.330859
0.333405
0.335831
0.338079
0.340118
0.342057
0.343888
0.345617
0.347221
0.348728
0.350251
0.351752
0.353222
0.354766
0.356183
0.3577
0.359316
0.360827
0.362315
0.363824
0.365428
0.366905
0.368482
0.369973
0.371419
0.372892
0.374364
0.375729
0.377166
0.378561
0.379971
0.38125
0.382575
0.383816
0.385034
0.386406
0.387695
0.389024
0.390384
0.391804
0.393203
0.394591
0.396039
0.397384
0.398727
0.400109
0.401507
0.402887
0.404251
0.405601
0.407071
0.408568
0.410056
0.411547
0.413144
0.4148
0.416453
0.418112
0.419766
0.421318
0.422922
0.424393
0.425907
0.427424
0.42885
0.430218
0.431541
0.432908
0.434158
0.435428
0.436624
0.437794
0.438998
0.440093
0.441189
0.442313
0.443408
0.444443
0.445487
0.446509
0.447547
0.448528
0.449524
0.450566
0.451587
0.452681
0.453854
0.455039
0.456328
0.45752
0.458872
0.460242
0.461669
0.463217
0.464935
0.466467
0.468146
0.469838
0.471702
0.473323
0.474991
0.476609
0.478162
0.47986
0.481525
0.48326
0.484953
0.486744
0.488333
0.489849
0.491508
0.493325
0.495006
0.496705
0.498323
0.499946
0.501773
0.503662
0.50566
0.507697
0.509735
0.511819
0.514057
0.516424
0.51872
0.52113
0.523302
0.52557
0.527865
0.530225
0.532638
0.53519
0.537933
0.540745
0.543623
0.546566
0.549758
0.553339
0.556763
0.560302
0.563752
0.567372
0.571247
0.576072
0.580711
0.584922
0.589118
0.593177
0.59725
0.601054
0.604842
0.60883
0.612767
0.616733
0.620523
0.624308
0.627887
0.631579
0.635042
0.638608
0.641898
0.645402
0.648902
0.652518
0.655758
0.65874
0.66172
0.664703
0.667818
0.670939
0.674414
0.678092
0.681766
0.685054
0.688409
0.691627
0.694869
0.69845
0.702119
0.705842
0.709382
0.712918
0.716446
0.719772
0.723001
0.726367
0.729844
0.733794
0.738667
0.744116
0.749462
0.755832
0.764416
0.772857
0.779695
0.785908
0.793272
0.80012
0.804976
0.809882
0.814565
0.819318
0.82442
0.83118
0.839511
0.846477
0.854829
0.865686
0.882188
0.896532
0.907141
0.917168
0.924113
0.928066
0.931017
0.935523
0.941822
0.95045
0.95533
0.959794
0.964429
0.970803
1
