0.635368
0.70393
0.742634
0.771313
0.793533
0.811264
0.82621
0.83913
0.850388
0.860001
0.868706
0.876656
0.883881
0.890663
0.896709
0.902039
0.907173
0.911682
0.91608
0.920055
0.923782
0.927288
0.93063
0.933945
0.936996
0.939625
0.942265
0.944698
0.946896
0.949104
0.951111
0.952911
0.954624
0.956268
0.957912
0.959396
0.960663
0.961979
0.963257
0.964302
0.965363
0.966434
0.967335
0.968204
0.968952
0.969799
0.970482
0.971191
0.971859
0.972462
0.973019
0.973503
0.973999
0.974483
0.974926
0.975277
0.975636
0.975948
0.976273
0.976574
0.976833
0.977066
0.977295
0.977539
0.977753
0.977943
0.978157
0.978371
0.978512
0.978683
0.978802
0.978916
0.979034
0.979164
0.979279
0.979343
0.979469
0.979553
0.979687
0.979771
0.979813
0.979885
0.97995
0.980053
0.980129
0.980206
0.980278
0.980354
0.980396
0.980446
0.980507
0.980537
0.980572
0.980629
0.980656
0.980705
0.980759
0.980793
0.98085
0.980896
0.980957
0.980988
0.98101
0.981033
0.981064
0.981121
0.981152
0.981201
0.981236
0.981308
0.981361
0.981415
0.981449
0.981506
0.981564
0.981621
0.981686
0.981754
0.981777
0.981827
0.981907
0.981976
0.982063
0.982147
0.982201
0.982273
0.982349
0.982426
0.982525
0.982586
0.982674
0.982746
0.982887
0.982983
0.98307
0.983204
0.983326
0.983414
0.983524
0.983654
0.983803
0.983925
0.984055
0.984173
0.984287
0.984436
0.98457
0.984699
0.98484
0.984978
0.985146
0.985291
0.985405
0.985561
0.985706
0.985863
0.986031
0.98621
0.986389
0.986584
0.986755
0.986931
0.987114
0.987339
0.987484
0.987686
0.987862
0.988037
0.988205
0.98838
0.988548
0.988773
0.988972
0.989166
0.989361
0.989529
0.989735
0.989922
0.990105
0.990269
0.990448
0.990658
0.990829
0.991013
0.991222
0.991421
0.991611
0.991833
0.9921
0.992279
0.992519
0.992786
0.993019
0.993237
0.993443
0.993679
0.993927
0.994171
0.994423
0.994648
0.994896
0.995148
0.995358
0.995617
0.99588
0.996117
0.996361
0.996643
0.996883
0.99712
0.997345
0.997601
0.997837
0.998032
0.998207
0.998459
0.99868
0.998833
0.998981
0.999111
0.999222
0.999348
0.999489
0.999569
0.999668
0.999741
0.999783
0.999859
0.999886
0.999905
0.999939
0.999958
0.999966
0.999969
0.999981
0.999996
1
1
1
1
1
1
1
1
1
1
1
1
1
1
1
1
1
1
1
1
