0.000335693
0.00166321
0.00340652
0.00510025
0.0067749
0.00853729
0.0103607
0.012146
0.0139008
0.0156174
0.0172348
0.018837
0.0204048
0.0221214
0.0237999
0.0254936
0.0271378
0.0288963
0.0306206
0.0323906
0.03442
0.036438
0.0383377
0.0403519
0.0422668
0.0443344
0.0463943
0.0484734
0.0504341
0.0522842
0.0541687
0.0559731
0.0578194
0.0596313
0.0615158
0.063446
0.0653343
0.0671844
0.0691147
0.0710793
0.0728683
0.0746498
0.0764885
0.0783768
0.0802689
0.082058
0.0838165
0.085804
0.0876465
0.0896225
0.0916023
0.0934296
0.0953064
0.0972023
0.099102
0.10112
0.102985
0.104977
0.107059
0.109058
0.111115
0.113079
0.115166
0.117214
0.119419
0.121502
0.123745
0.125938
0.128338
0.130772
0.133358
0.136177
0.138916
0.14193
0.144707
0.147522
0.150265
0.15313
0.156036
0.158894
0.161705
0.164413
0.167118
0.170002
0.173058
0.176468
0.180103
0.184013
0.188271
0.192364
0.196529
0.20089
0.205166
0.209518
0.213676
0.217686
0.221886
0.225914
0.230118
0.234566
0.239265
0.243202
0.246986
0.250793
0.254459
0.258427
0.262737
0.266586
0.270485
0.273575
0.276299
0.278969
0.281693
0.283981
0.28627
0.28833
0.29023
0.292049
0.293648
0.295277
0.296906
0.298462
0.300026
0.301662
0.303131
0.304604
0.306042
0.307716
0.309113
0.310585
0.312141
0.313484
0.314789
0.316059
0.317245
0.318333
0.319283
0.320274
0.321205
0.322163
0.323124
0.324154
0.32502
0.325943
0.326916
0.327911
0.328934
0.329918
0.330982
0.332027
0.333088
0.334003
0.3349
0.335907
0.336956
0.337925
0.338959
0.340054
0.34116
0.342255
0.343327
0.344482
0.345657
0.34676
0.347904
0.349098
0.350277
0.351429
0.352428
0.353706
0.354988
0.356121
0.357311
0.358582
0.359814
0.361111
0.362331
0.363686
0.364925
0.366192
0.367645
0.368835
0.370163
0.371635
0.372974
0.374233
0.375572
0.376675
0.377758
0.378967
0.380234
0.381523
0.382835
0.384098
0.385326
0.386585
0.387688
0.388874
0.390228
0.391483
0.39286
0.394176
0.395542
0.396896
0.398544
0.402657
0.411301
0.421196
0.427299
0.441917
0.452049
0.468739
0.484924
0.509663
0.563202
0.653954
0.738506
0.835335
0.867538
0.897625
0.927792
0.957298
0.966534
0.97477
0.976665
0.978199
0.979473
0.980698
0.981781
0.982861
0.983807
0.984642
0.985531
0.986271
0.98716
0.987946
0.988728
0.989643
0.990532
0.991383
0.992054
0.992882
0.993641
0.994282
0.994995
0.995762
0.996395
0.997173
0.997936
0.998619
0.999207
0.99958
0.999821
0.999943
0.999966
1
