0.000728607
0.001091
0.00122833
0.00140762
0.00154495
0.00170517
0.00185776
0.00202942
0.00221634
0.00239182
0.00251007
0.00263596
0.00270844
0.00286102
0.00300217
0.0031929
0.00340271
0.00360489
0.0037384
0.00392532
0.00408173
0.00432205
0.0045433
0.00478363
0.00502014
0.00519562
0.00546646
0.00572586
0.00600433
0.00631332
0.00662231
0.00697327
0.00727844
0.00764465
0.00804138
0.00843811
0.00891495
0.0094223
0.00988388
0.0106087
0.0116806
0.0131493
0.0149498
0.0172462
0.0196609
0.0222397
0.024826
0.0272942
0.0299339
0.0324402
0.0352249
0.0385246
0.0429344
0.0480156
0.053524
0.0595398
0.0657959
0.0724335
0.0800018
0.0879402
0.0956917
0.102978
0.110527
0.118042
0.12553
0.132915
0.140816
0.148643
0.155991
0.162926
0.170208
0.177238
0.18438
0.191765
0.199127
0.206707
0.213902
0.220478
0.226913
0.233047
0.239258
0.245113
0.2509
0.256657
0.262386
0.26799
0.273609
0.27948
0.285419
0.291527
0.297604
0.303497
0.310089
0.317032
0.323727
0.330784
0.338005
0.345791
0.353817
0.362801
0.372433
0.382061
0.391933
0.401939
0.411694
0.421387
0.430672
0.440052
0.44997
0.459671
0.469612
0.479568
0.490128
0.500763
0.512012
0.523872
0.53577
0.548386
0.560825
0.57243
0.583107
0.59333
0.602962
0.612633
0.621788
0.631104
0.640305
0.649181
0.658211
0.667168
0.675709
0.683914
0.691807
0.699097
0.706352
0.713234
0.719501
0.725525
0.731281
0.737038
0.742771
0.74826
0.753838
0.759407
0.764889
0.770554
0.775986
0.781437
0.787197
0.792912
0.798588
0.804092
0.80975
0.815159
0.820454
0.825619
0.830647
0.835579
0.840862
0.846043
0.85099
0.855858
0.860844
0.865387
0.870083
0.874554
0.87925
0.883739
0.888004
0.892334
0.896702
0.900661
0.904793
0.908554
0.91227
0.915825
0.919228
0.922703
0.926025
0.929382
0.932686
0.93602
0.938866
0.941586
0.944324
0.947041
0.949661
0.952244
0.954685
0.957233
0.959484
0.9618
0.964149
0.966206
0.968361
0.970367
0.972282
0.974186
0.975876
0.977581
0.979244
0.980881
0.982368
0.983768
0.984974
0.986057
0.987099
0.988117
0.989021
0.989998
0.990856
0.99157
0.992176
0.992817
0.993286
0.99374
0.994225
0.994583
0.995049
0.995384
0.995728
0.996067
0.996357
0.996635
0.996845
0.997063
0.997307
0.997532
0.997723
0.997841
0.997997
0.998154
0.998291
0.99836
0.998474
0.998573
0.99868
0.998753
0.998852
0.998951
0.999012
0.999092
0.999172
0.999249
0.999367
0.999443
0.999542
0.999592
0.99966
0.999737
0.999798
0.999878
0.999931
0.999977
0.999992
1
