0.000144958
0.000179291
0.000209808
0.000240326
0.000286102
0.000343323
0.000389099
0.000427246
0.000461578
0.000518799
0.000587463
0.00069809
0.000770569
0.000827789
0.000888824
0.000934601
0.000999451
0.0010376
0.0010643
0.00111008
0.00115585
0.001194
0.00123978
0.00127792
0.0013237
0.00136185
0.00142288
0.00147629
0.00153351
0.00157166
0.00162125
0.00164795
0.00170517
0.0017662
0.00181198
0.00183868
0.0018692
0.00188446
0.00190353
0.00192642
0.00195694
0.00198364
0.00203323
0.00206375
0.00207901
0.00212479
0.00214767
0.00217819
0.00222778
0.00225067
0.00228119
0.00232697
0.00235367
0.00237656
0.00241852
0.00244522
0.00247192
0.00247955
0.0025177
0.00254822
0.00258255
0.00261688
0.00263596
0.00267792
0.00269699
0.00272369
0.00273895
0.00278854
0.00283051
0.00284958
0.00287247
0.00288773
0.00292969
0.00296021
0.00300217
0.00302887
0.00304031
0.00306702
0.0030899
0.00312424
0.00315094
0.00317764
0.00321579
0.00324631
0.00325775
0.00328827
0.00333786
0.00340271
0.00343323
0.00344467
0.00348282
0.00355148
0.00358582
0.0036087
0.00365067
0.00366592
0.00370789
0.00373077
0.00375366
0.00379944
0.00382614
0.00384903
0.00393295
0.00397491
0.00400925
0.00404358
0.00408173
0.0041275
0.00418854
0.00421906
0.00423431
0.00426483
0.00430679
0.00435257
0.00440979
0.00444412
0.00450516
0.00457001
0.00463867
0.00469208
0.00473785
0.00480652
0.00486374
0.00495148
0.0050087
0.0050621
0.00511551
0.00522614
0.00530243
0.00536728
0.00544739
0.00551224
0.00563431
0.00572205
0.00582886
0.00593567
0.00608063
0.00622177
0.00637436
0.00652313
0.00666046
0.00679779
0.00697708
0.00716782
0.00729752
0.00753021
0.00776291
0.00800323
0.00826645
0.00856781
0.00887299
0.00921249
0.00961304
0.0101013
0.0106621
0.0112
0.0119629
0.0126419
0.0134468
0.0143509
0.0153847
0.016449
0.0177803
0.0191078
0.0206604
0.0224266
0.0243454
0.0265236
0.0287933
0.0312386
0.0338364
0.0366821
0.0394058
0.0424919
0.0457001
0.0492935
0.0529938
0.0564919
0.0596886
0.0625343
0.0654984
0.0683899
0.0714455
0.0743408
0.0770264
0.0794868
0.0818024
0.0840225
0.0861931
0.0883408
0.0903625
0.0924644
0.0946159
0.0968056
0.0992813
0.101612
0.103931
0.106117
0.108498
0.110905
0.113487
0.116356
0.120041
0.123974
0.128742
0.134621
0.141468
0.149242
0.157845
0.167591
0.176708
0.186314
0.198017
0.212902
0.230255
0.249676
0.27066
0.290997
0.314091
0.342243
0.374832
0.413612
0.454643
0.490967
0.522289
0.54789
0.571484
0.598213
0.627045
0.65493
0.684971
0.71764
0.757122
0.800751
0.843868
0.875355
0.896969
0.914429
0.930054
0.943832
0.955837
0.965679
0.974216
0.981644
0.987984
0.992729
0.995445
0.996944
0.997967
0.998753
0.999004
0.999165
0.999371
0.999634
0.999844
1
