0
3
4
4
6
13
18
25
18
31
66
101
406
640
804
571
1003
662
618
579
703
627
573
572
441
389
351
381
317
372
323
319
319
302
252
296
283
227
228
228
233
192
223
190
185
157
171
126
161
140
145
127
129
118
135
130
140
99
126
142
106
140
115
111
145
142
135
128
139
104
124
119
120
116
131
115
120
132
106
95
104
97
117
97
99
99
104
94
97
86
91
89
82
103
88
97
90
85
75
89
95
85
95
71
108
84
78
112
107
106
113
104
118
142
137
131
143
231
359
289
423
542
544
728
817
953
993
722
679
716
810
671
697
822
791
903
884
674
801
764
1126
1136
1126
996
1242
1254
2139
2340
2373
2029
1881
1921
1625
2186
1737
2201
2177
2257
2295
2204
2736
2267
2858
2794
3097
3286
2990
2766
2952
2823
3250
2765
2753
2397
2648
2482
2970
3227
3166
3070
3140
3800
4810
7216
8350
7443
7729
6299
5189
6552
5644
6391
5698
6183
5137
6486
6057
4611
3075
2687
2211
1512
1387
1325
1652
810
669
539
395
275
251
245
200
203
203
298
338
332
365
394
426
416
471
391
286
306
237
193
218
160
144
150
104
116
71
75
85
75
71
62
54
74
56
62
18
18
16
13
7
5
7
1
0
1
0
0
