16
124
233
321
360
424
530
650
791
920
1101
1290
1390
1622
1778
1894
2057
2225
2313
2554
2697
2733
2881
2876
2958
2957
3030
3120
3333
3494
3427
3461
3298
3250
3182
2964
2745
2563
2559
2353
2359
2451
2246
2327
2221
2146
2103
2172
2262
2093
2144
2056
2031
2032
1980
1897
1993
1887
1784
1872
1848
1901
1934
1955
1920
1896
1890
1840
1936
1916
1930
1839
1804
1671
1702
1648
1581
1612
1631
1494
1542
1478
1427
1442
1442
1381
1358
1395
1321
1308
1419
1328
1324
1236
1252
1311
1254
1266
1270
1237
1225
1240
1218
1238
1193
1158
1151
1256
1168
1149
1222
1141
1170
1141
1156
1166
1090
1132
1152
1022
1126
1073
1072
1062
1077
1096
1074
1019
971
1023
955
930
1022
917
991
958
942
921
835
867
892
886
813
855
779
749
710
717
696
671
674
647
629
621
629
634
603
572
533
547
517
518
503
531
461
553
470
480
510
444
458
433
444
442
398
404
421
370
368
390
362
339
352
366
271
295
333
321
259
270
268
252
231
260
230
191
223
212
175
184
175
156
147
162
163
153
119
125
106
109
101
100
106
90
83
86
66
84
69
62
71
47
49
59
49
43
32
28
31
39
24
29
17
11
19
15
19
16
14
12
14
9
21
9
12
10
6
12
6
1
3
0
0
0
0
1
