30
43
48
38
67
81
111
103
144
164
154
157
159
184
221
246
285
277
334
389
412
461
452
466
533
512
480
480
417
411
408
366
417
443
433
455
464
461
542
608
682
857
1048
1194
1509
1457
1418
1409
1515
1492
1569
1699
1950
2141
2022
2056
2191
2314
2441
2482
2528
2781
2912
2734
2998
3184
3402
3395
3062
2926
2633
2282
2184
1902
2062
2043
2123
2168
2285
2225
2174
2360
2569
2620
2759
2625
2587
2602
2753
2809
2792
2793
2594
2649
2723
2674
2737
2893
3039
3222
2880
2951
2676
2654
2832
2881
2907
2837
2650
2633
3127
3017
3094
2730
2637
2432
2141
2020
2005
1940
1788
1774
1657
1451
1566
1298
1283
1109
971
956
1096
943
930
889
625
598
563
475
437
327
367
292
271
269
259
272
281
271
271
254
232
232
251
255
254
230
261
269
222
281
274
267
291
260
291
315
303
339
296
345
350
375
396
346
408
397
436
470
471
492
517
486
509
499
547
515
564
584
578
578
596
651
639
661
654
686
696
759
766
722
772
813
751
766
778
723
655
672
624
533
507
452
382
339
326
268
275
210
203
159
147
140
158
133
124
107
104
93
80
87
86
60
60
48
53
36
36
23
24
29
20
20
19
21
14
12
20
9
14
14
13
7
3
6
3
5
