0
0
0
1
2
8
14
42
72
154
248
378
459
588
656
766
691
845
836
836
812
866
1057
1168
1346
1481
1580
1490
1536
1575
1414
1393
1360
1248
1238
1282
1239
1222
1218
1188
1236
1130
1181
1110
1105
1039
945
971
924
961
935
957
972
917
939
808
838
828
798
834
734
767
753
761
777
799
733
743
753
771
768
789
789
686
731
692
679
791
699
724
812
948
937
919
973
1023
1056
1046
1129
1116
1119
1174
1234
1258
1342
1413
1592
1591
1774
1795
1902
1791
1793
1766
1832
1914
1870
1912
1910
2112
2054
2177
2093
2108
2150
2155
2297
2159
2225
2220
2209
2248
2432
2420
2503
2673
2633
2625
2670
2587
2647
2724
2808
2785
2847
2840
2882
2776
2753
2723
2805
2698
2598
2656
2589
2557
2592
2420
2395
2384
2177
2264
2197
2341
2349
2318
2019
2028
2131
2389
2421
2279
1909
1629
1454
1423
1447
1267
1309
1198
970
992
1081
981
834
744
545
394
342
331
312
279
255
272
286
238
246
216
221
237
216
200
172
199
165
168
173
167
163
129
113
114
76
85
88
83
83
78
83
71
87
69
83
62
56
54
58
57
46
40
54
40
34
29
43
30
28
27
19
22
32
28
13
18
18
13
12
14
14
19
14
18
14
10
15
10
19
15
15
20
23
27
14
8
4
2
