1432
4789
24264
27017
18619
14987
12816
11819
9209
7158
5871
6209
6212
6567
7284
7225
5561
4863
4423
4358
4059
3832
3629
3501
3182
3006
2966
2920
2569
2408
2166
2060
1967
1826
1776
1692
1568
1422
1353
1277
1206
1119
1051
1062
1047
1025
1077
989
1058
1127
1054
1038
1052
1119
1030
1100
1040
1009
1027
1027
952
1002
973
984
892
924
866
849
957
899
927
949
990
976
968
1010
938
937
964
975
963
951
942
1025
1044
1038
1040
1114
1155
1153
1157
1154
1082
1119
1026
1056
1058
995
954
923
953
872
886
834
816
840
764
764
784
764
722
728
713
724
684
695
727
712
763
818
827
899
831
943
956
995
1080
1198
1069
1171
1180
1300
1131
1163
1129
1083
1184
1162
1210
1181
1249
1108
1058
1157
1267
1173
1185
1128
1132
1275
1317
1394
1421
1421
1454
1561
1651
1601
1681
1515
1582
1601
1646
1683
1780
1913
1962
2007
2053
2226
2498
2388
2469
2406
2525
2703
3365
3236
2937
2927
2831
2841
2653
2642
2782
2746
2766
2644
2640
2496
2575
2416
2487
2295
2444
2441
2522
2260
2080
2079
2080
2173
2177
2424
2565
2563
2293
2340
2245
2261
2498
2559
2597
2469
2466
2461
2320
2252
2348
2425
2755
3399
3801
3729
4443
5987
5888
4769
4334
5136
4777
3387
3422
3266
3315
3559
4715
5811
4859
5825
7573
11510
10005
7400
6994
4844
2757
2058
3143
4394
6018
3404
3113
3233
4446
20365
