166558
17973
10146
7518
5825
4648
3918
3387
2951
2520
2282
2084
1894
1778
1585
1397
1346
1182
1153
1042
977
919
876
869
800
689
692
638
576
579
526
472
449
431
431
389
332
345
335
274
278
281
236
228
196
222
179
186
175
158
146
127
130
127
116
92
94
82
85
79
68
61
60
64
56
50
56
56
37
45
31
30
31
34
30
17
33
22
35
22
11
19
17
27
20
20
19
20
11
13
16
8
9
15
7
13
14
9
15
12
16
8
6
6
8
15
8
13
9
19
14
14
9
15
15
15
17
18
6
13
21
18
23
22
14
19
20
20
26
16
23
19
37
25
23
35
32
23
29
34
39
32
34
31
30
39
35
34
37
36
44
38
30
41
38
41
44
47
47
51
45
46
48
59
38
53
46
46
44
46
44
59
52
51
51
44
54
49
48
43
47
55
45
48
55
52
50
58
70
47
63
70
61
57
54
62
65
64
66
59
65
66
55
68
69
62
64
74
63
62
59
67
62
51
46
66
58
40
39
34
29
33
37
21
26
19
11
20
7
5
9
5
2
1
3
4
1
0
0
0
0
0
0
0
0
0
0
0
0
0
0
0
0
0
0
0
