88
348
457
444
439
462
478
468
460
450
424
420
411
450
440
444
431
461
452
464
532
529
498
528
502
542
540
545
514
485
494
473
484
475
494
506
495
485
506
515
469
467
482
495
496
469
461
521
483
518
519
479
492
497
498
529
489
522
546
524
539
515
547
537
578
546
588
575
629
638
678
739
718
790
728
738
719
751
762
749
737
710
709
756
801
894
953
1025
1116
1073
1092
1143
1121
1141
1090
1051
1101
1056
1102
1166
1232
1032
992
998
961
1040
1130
1009
1022
810
714
700
714
600
600
540
498
477
419
427
427
408
410
429
385
386
377
439
366
386
408
352
342
333
311
285
249
260
244
251
252
270
227
242
255
261
268
258
279
274
278
240
235
264
275
254
271
287
290
287
281
303
308
289
300
313
309
302
262
335
336
297
312
333
323
340
320
355
325
332
381
312
348
386
351
330
351
289
284
317
332
338
344
331
322
330
289
311
355
329
361
345
358
355
432
1078
2266
2594
1600
3832
2656
4375
4243
6485
14035
23790
22165
25383
8442
7887
7908
7735
2421
2159
497
402
334
321
284
283
248
219
233
194
233
206
205
240
233
223
176
217
199
168
187
201
166
204
200
179
154
98
63
32
6
9
