191
95
36
47
36
42
40
45
49
46
31
33
19
40
37
50
55
53
35
49
41
63
58
63
62
46
71
68
73
81
81
92
80
96
104
104
125
133
121
190
281
385
472
602
633
676
678
647
692
657
730
865
1156
1332
1444
1577
1640
1740
1984
2081
2032
1910
1979
1970
1963
1936
2071
2052
1926
1818
1909
1843
1872
1936
1930
1987
1886
1724
1687
1608
1628
1535
1517
1509
1502
1469
1473
1539
1557
1601
1593
1545
1728
1820
1755
1850
1893
2041
2104
2355
2525
2524
2588
2623
2557
2541
2434
2459
2600
2543
2606
2610
2768
2788
2949
3109
3119
3307
3261
3042
2799
2680
2525
2535
2400
2442
2412
2327
2367
2348
2239
2151
2069
1911
1902
1804
1643
1579
1509
1509
1503
1439
1462
1460
1437
1485
1424
1429
1510
1498
1488
1443
1483
1418
1388
1354
1318
1293
1385
1358
1297
1276
1307
1191
1231
1172
1231
1177
1118
1135
1145
1038
1083
986
974
932
892
911
871
880
866
874
746
713
718
712
687
677
640
668
590
607
616
539
565
526
502
499
443
447
436
429
390
367
316
284
273
267
237
256
225
187
159
168
123
119
127
94
122
88
90
89
76
73
55
57
64
59
50
31
41
41
36
18
30
26
28
19
26
26
16
21
21
20
31
20
26
13
18
20
16
21
14
12
4
2
