38
9
8
8
12
15
12
10
9
15
18
29
19
15
16
12
17
10
7
12
12
10
12
10
12
10
16
14
15
10
13
7
15
16
12
7
8
4
5
6
8
7
13
8
4
12
6
8
13
6
8
12
7
6
11
7
7
2
10
8
9
9
5
11
5
7
4
13
11
5
6
4
11
8
11
7
3
7
6
9
7
7
10
8
3
8
13
17
8
3
10
18
9
6
11
4
11
6
6
12
7
6
22
11
9
9
10
12
16
8
4
8
11
12
15
9
16
17
18
14
12
18
15
23
15
14
14
29
20
17
21
17
32
23
28
28
38
37
40
39
36
36
47
50
34
61
61
63
69
79
80
89
105
128
147
141
200
178
211
237
271
279
349
348
407
463
503
571
595
641
681
746
714
809
841
942
970
917
838
746
777
758
801
759
704
645
607
582
569
563
530
551
564
574
649
611
608
573
624
631
677
752
966
1031
1250
1541
1795
2038
2255
2555
2390
2518
3068
3902
4549
5091
5501
5331
6054
7380
8543
10166
10756
9522
8211
6711
6185
7007
7558
7310
7875
8564
10350
11437
11303
8254
5666
4577
4096
3612
3147
2580
2238
1947
1662
1244
712
393
268
206
66
42
54
69
55
41
