27 163 79 43 14 105 237 20 114 79 176 208 226 72 115 194 149 36 134 4 174 197 86 60 9 168 92 145 205 180 75 171 5 113 145 243 50 119 26 223 190 45 233 87 195 40 79 123 209 140 158 37 180 76 126 34 245 73 3 133 234 205 119 65 
237 51 225 191 124 209 57 147 190 39 137 28 98 46 178 22 102 247 58 79 234 25 128 188 238 38 68 250 112 129 101 153 210 84 23 225 100 201 253 147 7 216 59 151 21 239 220 186 56 21 81 251 204 150 236 162 185 206 112 171 78 31 185 8 
153 112 140 251 31 179 74 3 217 95 235 120 156 254 130 82 222 158 181 212 103 164 46 143 99 217 155 54 7 223 33 63 252 189 162 129 66 171 42 134 105 168 124 205 68 112 162 7 243 174 102 120 51 93 15 106 62 22 151 219 48 97 130 213 
89 182 12 62 99 156 242 129 163 52 197 17 186 60 2 207 43 68 29 123 14 244 71 206 172 18 119 198 81 238 185 135 14 107 39 213 3 185 83 209 18 93 247 181 136 31 144 94 44 131 224 187 8 228 136 215 43 124 87 254 14 145 243 71 
203 24 168 219 82 45 202 27 107 248 69 85 214 145 234 164 107 138 199 92 148 221 113 2 83 134 234 176 24 163 92 47 202 72 240 90 151 31 116 70 235 54 36 12 85 227 58 197 214 27 69 146 35 167 196 70 175 232 189 57 164 109 176 41 
224 127 107 196 145 118 228 88 181 141 11 173 112 33 93 192 18 228 251 50 189 33 60 182 248 34 49 103 142 61 211 151 115 173 143 56 231 196 245 141 178 157 193 118 209 165 255 75 110 155 193 246 58 114 82 249 4 139 104 25 198 229 1 58 
249 77 37 236 6 173 18 62 38 224 153 48 242 127 71 53 116 172 5 84 161 125 231 152 95 213 73 192 221 124 1 247 29 224 17 126 104 162 48 23 219 107 78 231 49 101 5 125 178 13 85 99 212 130 27 154 95 37 212 73 133 84 120 151 
94 137 162 55 72 254 135 191 210 122 97 201 22 220 180 246 154 39 130 217 72 104 200 20 140 117 159 11 243 41 77 179 98 52 191 215 75 11 95 124 62 1 147 131 27 187 152 37 222 237 46 171 17 233 184 50 200 170 244 157 44 217 32 189 
10 212 22 184 206 92 155 109 74 1 236 79 162 137 6 86 208 100 63 177 241 10 43 170 55 228 28 88 170 108 198 231 133 85 166 38 254 180 208 228 167 198 248 69 171 240 89 204 139 62 121 203 143 68 108 222 122 64 21 113 181 239 67 170 
50 116 227 104 125 30 45 243 167 53 186 35 106 60 198 31 143 226 193 25 139 210 91 254 69 187 207 135 64 147 17 158 66 206 5 117 153 60 135 84 30 100 40 213 15 55 116 72 22 104 159 4 241 40 165 84 10 147 227 91 6 143 102 199 
157 74 241 149 63 223 197 16 141 229 126 150 253 171 120 238 74 13 111 48 157 117 183 131 13 107 239 47 178 252 32 120 44 245 141 230 106 18 44 188 234 155 118 81 192 144 229 167 251 190 219 76 94 195 25 245 205 132 188 51 207 123 26 247 
134 19 42 180 4 170 80 99 215 28 90 69 213 20 95 51 184 166 251 87 232 60 32 222 164 79 123 6 98 209 86 219 187 100 26 182 88 201 243 143 6 56 178 133 221 95 43 8 128 34 52 175 132 115 151 56 101 33 253 78 165 61 225 84 
176 100 201 89 139 248 119 160 60 181 200 12 46 190 230 131 152 37 125 200 4 77 146 100 199 39 155 191 227 55 130 8 169 77 52 222 67 169 122 73 110 205 252 12 30 108 156 184 211 88 146 246 19 227 183 216 71 175 111 13 233 150 37 190 
118 220 57 233 34 190 48 9 132 110 246 157 138 114 80 7 216 102 68 221 170 189 245 16 54 233 141 24 75 164 146 111 233 197 155 132 10 36 157 218 21 92 164 66 236 200 76 242 61 102 13 201 66 44 88 0 138 158 45 194 127 97 211 3 
251 163 16 128 108 72 219 203 238 36 77 99 225 177 34 248 203 54 17 139 109 44 127 214 180 89 249 117 204 37 246 63 20 39 240 115 212 250 99 192 49 226 148 124 47 172 136 24 119 179 235 158 108 169 126 232 22 206 240 86 25 173 70 47 
82 146 67 212 169 152 21 87 144 167 53 3 208 60 165 144 90 180 158 243 29 93 153 70 112 0 64 173 102 11 216 180 91 143 104 175 80 23 61 177 136 80 35 190 215 86 2 151 224 37 130 80 213 29 249 192 97 119 65 146 221 244 109 137 
11 185 238 29 94 253 182 62 223 118 193 235 125 26 71 111 23 232 81 193 61 227 20 204 167 136 218 47 188 82 157 125 200 72 4 49 205 145 123 231 3 243 116 15 101 57 250 207 71 50 194 5 142 56 75 149 49 217 36 184 8 55 159 206 
100 41 197 116 52 1 130 101 29 175 18 85 152 184 242 198 130 2 117 212 134 174 253 84 38 230 29 121 242 137 55 28 221 253 163 186 236 91 41 199 103 153 205 166 233 128 186 111 92 174 243 98 223 183 113 9 176 82 164 106 133 196 32 231 
61 131 86 172 142 228 191 42 243 73 136 217 106 39 95 49 220 152 35 48 100 7 122 53 192 148 92 162 207 19 232 98 42 117 18 129 66 156 12 168 70 55 25 74 144 40 28 160 10 146 25 121 164 40 208 235 127 247 17 228 72 90 122 178 
150 248 220 12 207 78 112 163 147 201 50 250 9 209 139 176 65 251 168 75 187 221 158 71 107 246 9 60 75 110 150 172 190 82 210 107 32 219 247 114 181 216 255 95 176 224 65 240 201 219 83 61 253 16 90 156 30 60 202 142 45 254 212 18 
113 25 161 67 34 241 57 213 6 96 117 63 169 78 238 14 107 87 205 145 241 28 139 203 17 182 131 226 177 199 3 67 238 159 58 229 136 191 77 27 127 43 135 9 195 83 119 136 103 44 184 132 199 106 69 136 191 111 94 167 188 2 157 76 
202 51 189 104 127 155 17 85 178 232 27 153 187 128 32 161 194 25 125 11 57 113 88 237 47 214 97 28 42 251 90 129 31 143 8 179 46 98 148 203 89 228 157 107 213 20 52 169 14 73 237 32 149 230 179 45 225 11 242 34 117 58 224 96 
242 139 233 174 92 199 137 251 40 125 196 223 45 90 228 116 54 235 178 96 210 163 39 172 123 79 154 167 118 140 215 51 203 103 249 86 164 16 241 54 6 186 62 36 239 149 189 248 209 154 114 171 52 2 81 161 214 66 150 80 235 135 170 38 
123 83 6 42 226 26 184 108 64 164 76 102 1 203 149 71 215 141 43 249 69 192 227 2 65 198 233 56 194 78 15 183 225 122 22 196 64 113 212 169 139 246 117 173 72 126 97 30 86 227 9 93 218 124 247 20 96 129 207 182 25 105 196 13 
182 152 63 208 118 74 50 219 146 12 239 138 57 255 17 185 98 5 81 154 131 16 103 147 254 134 22 8 105 241 162 35 95 71 151 218 236 126 35 73 102 29 85 206 2 223 44 164 59 129 190 67 205 142 186 115 37 174 51 6 220 87 68 213 
28 103 253 161 15 237 167 96 204 23 181 214 113 174 125 35 162 230 201 30 117 218 53 176 34 112 86 217 177 65 149 114 237 174 44 137 1 184 154 230 192 217 162 53 140 181 111 201 144 21 252 40 105 28 58 232 200 145 252 120 159 141 247 53 
229 132 189 88 144 194 130 35 247 121 91 38 158 83 65 243 135 110 60 169 185 242 77 93 209 189 151 245 41 135 209 5 59 192 29 81 106 57 91 17 46 124 12 235 90 249 16 70 234 179 118 166 224 76 156 87 12 104 77 63 193 41 114 164 
4 72 47 32 110 59 3 83 155 68 52 195 236 24 222 47 191 15 214 89 45 21 142 231 161 26 70 125 96 25 228 87 128 254 166 209 243 200 175 135 252 66 150 105 194 37 131 214 101 83 50 149 5 197 177 244 45 166 223 30 239 15 178 96 
218 199 169 223 244 211 176 232 187 223 132 11 144 106 206 92 171 74 252 147 127 203 109 7 61 45 225 201 168 53 181 196 20 155 98 119 21 41 227 109 83 203 180 23 75 160 57 171 10 33 209 242 134 97 121 22 216 133 186 91 129 209 80 147 
246 118 21 127 77 99 45 115 17 101 168 211 72 180 6 153 121 34 104 11 223 67 167 249 129 185 113 2 79 248 144 109 74 48 220 63 147 77 159 5 167 34 224 138 210 117 225 147 245 195 112 63 16 229 53 70 148 110 1 50 154 230 60 36 
104 54 183 149 10 201 138 64 148 31 250 45 118 242 58 136 195 235 54 157 183 38 94 197 81 140 240 158 102 36 211 10 234 134 178 8 191 127 216 61 241 120 50 93 238 7 44 88 126 73 161 186 89 169 210 190 33 250 204 175 101 23 191 139 
9 88 66 230 162 29 173 237 216 79 198 93 163 29 84 226 17 209 175 82 240 120 27 220 14 174 58 20 221 121 64 157 92 202 38 249 229 94 28 143 188 100 13 175 65 192 108 180 23 232 139 43 30 237 128 100 161 82 64 236 122 71 168 207 
160 239 193 39 94 252 121 14 191 54 128 2 142 215 184 42 97 66 115 0 138 204 55 153 106 40 209 88 188 137 172 243 28 115 161 82 108 171 43 206 75 153 246 129 164 30 252 204 59 0 215 103 152 78 9 47 225 16 138 39 218 13 254 128 
31 217 115 136 208 51 73 89 156 109 178 233 64 108 253 130 165 144 248 46 101 230 74 191 124 235 148 70 251 46 16 192 55 225 68 21 140 56 238 114 21 222 38 209 85 143 76 155 96 173 119 193 254 205 142 180 117 198 95 152 188 112 83 47 
150 175 77 0 106 177 225 133 40 246 20 206 37 152 14 74 202 24 189 215 160 18 170 255 4 96 179 24 114 204 100 83 126 147 176 198 212 2 182 87 133 195 58 111 4 221 48 132 240 224 26 51 66 22 108 240 59 166 245 27 56 171 227 98 
204 20 57 246 147 24 199 8 167 220 71 97 170 195 53 120 235 85 37 63 129 90 33 140 65 49 224 132 166 6 152 237 214 9 47 96 231 121 160 255 14 167 72 183 236 122 194 16 38 71 163 90 127 170 220 35 87 3 129 77 208 144 5 65 
238 120 221 159 188 66 242 99 145 56 122 139 82 241 104 217 10 177 150 113 228 182 200 116 214 156 197 35 76 229 60 180 32 108 249 134 76 34 65 101 45 227 148 92 23 159 99 178 112 210 137 189 231 7 155 72 187 212 231 101 41 247 192 134 
183 39 95 83 31 128 46 81 210 186 23 227 7 183 30 159 135 98 207 242 5 52 78 244 15 84 109 246 94 210 116 139 72 166 192 19 151 187 217 141 202 123 31 247 53 203 65 251 85 149 14 245 41 99 202 119 140 49 158 177 122 23 86 107 
17 169 140 209 234 113 174 230 108 34 161 247 49 126 67 225 43 58 76 25 165 104 148 42 168 188 26 144 51 186 17 42 242 90 59 210 113 50 244 11 78 179 108 212 171 138 8 229 30 198 59 107 76 176 56 250 14 109 25 199 70 220 160 52 
75 252 12 54 196 6 151 19 62 196 91 114 214 146 90 170 193 252 142 188 220 130 206 233 120 61 237 173 1 128 161 202 222 123 4 233 172 84 24 163 235 61 5 130 40 75 117 154 46 219 120 162 226 134 24 150 216 236 93 57 132 8 234 202 
151 224 123 103 164 72 215 137 254 154 74 176 16 199 240 3 111 26 121 92 15 68 32 89 8 134 97 218 67 253 84 101 27 143 157 39 102 132 197 118 96 154 193 87 232 217 187 95 175 132 2 184 32 207 89 191 78 37 166 248 147 185 97 114 
26 63 190 41 244 88 184 38 119 1 207 42 61 106 79 38 152 233 204 47 156 248 179 194 225 156 43 195 111 150 228 54 196 179 79 252 66 182 227 37 215 49 244 18 147 105 12 240 63 80 249 97 50 239 10 125 62 181 115 208 80 33 45 174 
134 92 208 146 28 130 236 55 96 223 128 237 141 165 218 131 181 62 82 173 227 102 56 142 73 29 208 81 19 36 169 11 70 109 217 18 205 7 145 73 26 134 182 68 165 55 33 195 160 19 200 145 70 155 172 101 227 141 1 22 224 125 241 213 
79 246 2 177 62 107 15 170 190 79 161 29 188 19 250 50 208 100 8 137 36 126 12 111 241 165 124 177 236 138 189 124 245 46 135 166 121 56 91 249 175 102 210 121 202 254 126 142 111 39 229 124 215 112 43 253 200 51 157 105 193 67 162 11 
185 51 158 117 230 214 151 203 23 245 46 98 116 69 91 13 119 162 244 187 216 79 169 213 48 3 100 53 216 65 91 208 149 231 32 96 239 154 194 113 161 1 81 42 24 91 73 212 236 88 166 58 7 193 20 135 29 74 235 174 89 54 143 110 
33 221 97 197 82 43 71 136 112 62 148 216 232 200 172 146 222 31 70 114 22 252 198 146 92 189 250 153 115 14 42 104 5 83 185 64 211 40 14 231 53 219 239 150 186 224 173 6 48 185 26 105 176 238 84 163 95 213 129 40 250 16 197 232 
73 128 22 140 13 168 250 7 222 87 179 4 132 55 36 239 81 196 54 154 96 44 63 18 231 131 68 25 198 239 160 225 173 199 118 20 138 177 85 130 31 141 64 111 16 132 101 156 67 205 133 224 74 143 220 59 185 114 12 149 216 122 94 169 
151 252 182 58 236 103 185 123 35 163 197 27 78 159 109 183 135 1 234 207 140 179 122 161 82 39 223 140 85 182 130 74 23 52 156 247 225 107 69 206 183 94 198 160 248 59 32 242 118 148 251 94 33 46 122 5 205 240 68 178 80 27 205 44 
7 105 218 35 203 152 89 52 207 240 100 119 249 211 20 96 46 124 165 85 222 9 237 108 184 207 7 172 109 31 59 254 142 216 98 77 3 48 166 253 118 9 234 48 86 193 215 179 80 11 21 195 160 183 247 103 154 30 50 228 102 137 242 62 
208 172 84 120 67 133 26 234 76 139 61 44 189 143 63 221 255 191 17 106 36 69 204 28 53 99 156 243 46 206 93 188 113 39 170 126 191 146 218 19 156 77 35 175 123 3 141 42 229 109 57 127 212 66 17 172 77 134 196 165 10 190 159 115 
21 143 48 240 3 222 167 192 19 156 13 174 228 87 10 170 148 76 59 244 133 168 149 247 126 218 64 78 123 231 0 153 19 233 207 29 239 91 37 59 100 133 211 226 107 165 65 97 199 157 173 241 87 115 140 233 41 89 255 112 58 36 226 75 
246 94 194 158 179 110 45 93 216 127 243 105 32 128 199 112 30 211 119 181 199 93 46 79 177 12 194 144 26 163 218 130 69 86 54 159 67 119 176 203 244 188 145 69 21 205 240 131 28 217 75 37 0 223 53 193 210 124 22 214 148 88 127 181 
215 33 129 16 77 254 145 63 115 180 80 202 161 71 49 231 91 160 43 23 229 4 115 223 138 22 110 251 181 60 102 195 247 177 108 200 9 135 226 110 12 52 28 93 251 152 15 84 186 50 141 106 201 152 27 97 159 6 176 69 234 202 2 53 
111 64 230 204 101 31 210 8 232 38 55 2 221 142 245 185 6 136 241 80 154 62 191 33 159 235 90 40 202 83 10 47 140 15 220 148 250 27 74 161 85 235 172 118 41 177 58 121 234 9 253 178 129 238 80 184 63 245 105 138 44 167 99 156 
135 171 83 150 54 187 131 169 195 152 251 97 120 176 20 106 66 218 173 103 125 213 253 99 70 208 55 131 150 115 228 168 121 36 95 78 49 184 196 43 150 126 201 217 76 192 225 147 111 160 90 59 19 166 38 119 145 219 33 82 186 251 24 227 
41 8 248 25 120 239 68 87 107 20 137 211 61 40 84 153 204 52 34 193 19 143 49 169 123 186 4 172 214 32 242 73 206 189 234 126 170 103 237 6 223 62 18 105 137 2 99 30 211 42 196 221 100 69 208 229 14 51 197 125 13 116 73 197 
184 210 106 178 160 219 13 47 223 76 188 29 163 236 194 131 252 120 93 238 69 179 10 85 27 226 103 245 66 18 98 153 56 24 159 3 214 61 117 139 94 168 34 240 158 49 248 67 168 78 15 122 185 249 136 106 86 170 239 153 210 57 144 90 
123 51 141 75 40 94 199 146 164 237 124 90 110 220 11 75 28 168 0 149 201 110 217 239 138 155 43 81 196 142 183 222 86 112 244 41 144 87 31 255 211 182 70 195 84 219 175 128 200 241 137 151 30 48 3 157 190 21 70 93 231 175 32 241 
66 15 236 215 0 134 252 116 33 56 203 4 182 145 49 98 226 187 60 229 80 131 36 58 190 114 16 165 126 51 118 9 174 136 68 224 180 205 163 14 47 110 133 11 116 145 24 92 7 105 56 226 83 171 204 59 244 113 142 42 4 104 222 160 
201 99 166 193 111 60 183 18 174 71 139 42 249 65 173 206 135 112 159 44 25 248 164 92 203 69 250 215 89 230 38 253 211 48 194 99 18 74 122 190 82 155 228 244 41 206 59 232 183 36 162 211 114 234 95 128 35 221 200 165 132 191 81 23 
253 127 34 86 232 157 81 226 98 241 213 158 81 122 15 239 34 85 212 142 103 178 121 5 235 146 33 175 1 201 149 76 105 13 155 128 248 55 230 146 220 57 22 93 187 163 78 110 148 254 72 12 187 24 68 149 181 80 26 64 249 49 114 150 
73 56 186 148 23 47 207 127 7 109 187 24 230 105 154 183 71 19 245 189 13 222 75 48 182 102 55 133 110 64 188 26 166 238 88 30 171 108 39 1 102 204 173 68 125 4 222 133 194 48 89 129 144 44 250 212 9 104 237 123 213 180 10 218 
174 230 5 117 246 67 195 35 153 51 132 91 198 38 57 218 125 167 50 96 65 207 136 158 21 211 80 233 159 244 94 137 121 200 62 216 138 197 238 179 131 32 250 143 213 52 246 31 16 171 202 238 101 165 195 116 54 175 155 96 19 86 141 39 
198 133 95 214 172 138 88 168 221 250 64 10 165 141 243 8 89 202 229 116 151 35 254 109 226 124 192 27 45 15 219 52 232 40 181 78 11 158 91 64 79 162 116 13 104 177 154 98 67 229 113 1 61 219 19 88 140 226 41 194 57 160 245 103 
